chr1	3040000	3060000	2
chr1	3260000	3280000	2
chr1	3380000	3400000	2
chr1	3800000	3820000	2
chr1	4800000	4820000	2
chr1	6000000	6020000	2
chr1	6200000	6220000	2
chr1	7400000	7420000	2
chr1	7700000	7720000	2
chr1	10140000	10160000	2
chr1	11260000	11280000	2
chr1	13020000	13040000	2
chr1	13140000	13160000	2
chr1	13700000	13720000	2
chr1	14760000	14780000	2
chr1	16580000	16600000	2
chr1	20760000	20780000	2
chr1	21280000	21300000	2
chr1	21700000	21720000	2
chr1	23700000	23720000	2
chr1	24140000	24160000	2
chr1	25720000	25740000	2
chr1	30960000	30980000	2
chr1	31340000	31360000	2
chr1	32920000	32940000	2
chr1	33860000	33880000	2
chr1	34520000	34540000	2
chr1	34760000	34780000	2
chr1	35740000	35760000	2
chr1	36300000	36320000	2
chr1	38160000	38180000	2
chr1	38860000	38880000	2
chr1	40400000	40420000	2
chr1	40540000	40560000	2
chr1	40780000	40800000	2
chr1	40900000	40920000	2
chr1	41100000	41120000	2
chr1	42060000	42080000	2
chr1	42580000	42600000	2
chr1	42840000	42860000	2
chr1	44200000	44220000	2
chr1	44540000	44560000	2
chr1	45540000	45560000	2
chr1	45800000	45820000	2
chr1	46180000	46200000	2
chr1	52260000	52280000	2
chr1	52740000	52760000	2
chr1	52880000	52900000	2
chr1	53700000	53720000	2
chr1	54220000	54240000	2
chr1	55300000	55320000	2
chr1	55460000	55480000	2
chr1	56760000	56780000	2
chr1	57800000	57820000	2
chr1	58060000	58080000	2
chr1	58640000	58660000	2
chr1	59240000	59260000	2
chr1	59640000	59660000	2
chr1	60980000	61000000	2
chr1	61700000	61720000	2
chr1	62360000	62380000	2
chr1	62820000	62840000	2
chr1	63980000	64000000	2
chr1	64660000	64680000	2
chr1	65200000	65220000	2
chr1	68100000	68120000	2
chr1	69200000	69220000	2
chr1	69320000	69340000	2
chr1	71340000	71360000	2
chr1	71740000	71760000	2
chr1	72200000	72220000	2
chr1	72740000	72760000	2
chr1	72880000	72900000	2
chr1	73040000	73060000	2
chr1	74400000	74420000	2
chr1	76240000	76260000	2
chr1	77940000	77960000	2
chr1	78220000	78240000	2
chr1	80460000	80480000	2
chr1	80820000	80840000	2
chr1	81840000	81860000	2
chr1	83720000	83740000	2
chr1	85840000	85860000	2
chr1	86620000	86640000	2
chr1	87720000	87740000	2
chr1	88320000	88340000	2
chr1	88800000	88820000	2
chr1	90000000	90020000	2
chr1	90400000	90420000	2
chr1	90880000	90900000	2
chr1	92360000	92380000	2
chr1	92680000	92700000	2
chr1	93880000	93900000	2
chr1	99220000	99240000	2
chr1	100620000	100640000	2
chr1	101080000	101100000	2
chr1	102960000	102980000	2
chr1	104760000	104780000	2
chr1	105220000	105240000	2
chr1	105920000	105940000	2
chr1	106560000	106580000	2
chr1	107440000	107460000	2
chr1	107640000	107660000	2
chr1	112400000	112420000	2
chr1	112520000	112540000	2
chr1	113860000	113880000	2
chr1	114760000	114780000	2
chr1	117620000	117640000	2
chr1	118320000	118340000	2
chr1	118780000	118800000	2
chr1	119100000	119120000	2
chr1	119540000	119560000	2
chr1	120220000	120240000	2
chr1	120580000	120600000	2
chr1	121720000	121740000	2
chr1	121900000	121920000	2
chr1	123980000	124000000	2
chr1	124720000	124740000	2
chr1	125380000	125400000	2
chr1	125900000	125920000	2
chr1	126740000	126760000	2
chr1	127500000	127520000	2
chr1	129280000	129300000	2
chr1	130380000	130400000	2
chr1	130540000	130560000	2
chr1	130660000	130680000	2
chr1	131100000	131120000	2
chr1	131280000	131300000	2
chr1	133360000	133380000	2
chr1	133620000	133640000	2
chr1	134160000	134180000	2
chr1	134640000	134660000	2
chr1	135140000	135160000	2
chr1	138100000	138120000	2
chr1	138320000	138340000	2
chr1	139320000	139340000	2
chr1	140200000	140220000	2
chr1	143820000	143840000	2
chr1	144200000	144220000	2
chr1	151880000	151900000	2
chr1	152320000	152340000	2
chr1	152760000	152780000	2
chr1	152960000	152980000	2
chr1	154760000	154780000	2
chr1	155040000	155060000	2
chr1	155280000	155300000	2
chr1	156740000	156760000	2
chr1	158500000	158520000	2
chr1	158660000	158680000	2
chr1	159960000	159980000	2
chr1	160380000	160400000	2
chr1	161880000	161900000	2
chr1	162000000	162020000	2
chr1	162520000	162540000	2
chr1	163620000	163640000	2
chr1	164340000	164360000	2
chr1	164940000	164960000	2
chr1	166140000	166160000	2
chr1	168480000	168500000	2
chr1	169480000	169500000	2
chr1	170140000	170160000	2
chr1	170640000	170660000	2
chr1	171080000	171100000	2
chr1	171520000	171540000	2
chr1	172020000	172040000	2
chr1	172760000	172780000	2
chr1	173100000	173120000	2
chr1	174060000	174080000	2
chr1	174840000	174860000	2
chr1	175340000	175360000	2
chr1	176340000	176360000	2
chr1	178940000	178960000	2
chr1	179500000	179520000	2
chr1	179700000	179720000	2
chr1	179820000	179840000	2
chr1	180260000	180280000	2
chr1	182860000	182880000	2
chr1	183840000	183860000	2
chr1	184280000	184300000	2
chr1	186440000	186460000	2
chr1	189600000	189620000	2
chr1	190680000	190700000	2
chr1	190920000	190940000	2
chr1	191960000	191980000	2
chr1	192740000	192760000	2
chr1	193380000	193400000	2
chr1	12420000	12440000	2
chr1	15800000	15820000	2
chr1	22400000	22420000	2
chr1	24300000	24320000	2
chr1	64300000	64320000	2
chr1	74900000	74920000	2
chr1	79680000	79700000	2
chr1	100480000	100500000	2
chr1	101760000	101780000	2
chr1	114500000	114520000	2
chr1	115880000	115900000	2
chr1	127680000	127700000	2
chr1	140700000	140720000	2
chr1	143620000	143640000	2
chr1	160880000	160900000	2
chr1	160740000	160760000	2
chr1	174200000	174220000	2
chr1	173940000	173960000	2
chr1	183440000	183460000	2
chr1	188560000	188580000	2
chr1	195220000	195240000	2
chr2	3560000	3580000	2
chr2	3820000	3840000	2
chr2	4360000	4380000	2
chr2	4520000	4540000	2
chr2	4900000	4920000	2
chr2	5040000	5060000	2
chr2	7540000	7560000	2
chr2	9920000	9940000	2
chr2	10100000	10120000	2
chr2	10580000	10600000	2
chr2	18680000	18700000	2
chr2	18820000	18840000	2
chr2	21280000	21300000	2
chr2	23700000	23720000	2
chr2	24280000	24300000	2
chr2	24780000	24800000	2
chr2	25840000	25860000	2
chr2	26160000	26180000	2
chr2	26600000	26620000	2
chr2	27260000	27280000	2
chr2	27920000	27940000	2
chr2	28660000	28680000	2
chr2	29200000	29220000	2
chr2	29880000	29900000	2
chr2	31480000	31500000	2
chr2	31900000	31920000	2
chr2	33940000	33960000	2
chr2	36540000	36560000	2
chr2	37360000	37380000	2
chr2	38400000	38420000	2
chr2	41360000	41380000	2
chr2	42480000	42500000	2
chr2	43700000	43720000	2
chr2	43940000	43960000	2
chr2	44940000	44960000	2
chr2	45240000	45260000	2
chr2	47320000	47340000	2
chr2	48780000	48800000	2
chr2	58420000	58440000	2
chr2	58680000	58700000	2
chr2	58800000	58820000	2
chr2	59560000	59580000	2
chr2	60180000	60200000	2
chr2	60340000	60360000	2
chr2	60540000	60560000	2
chr2	65060000	65080000	2
chr2	66240000	66260000	2
chr2	66680000	66700000	2
chr2	69220000	69240000	2
chr2	70040000	70060000	2
chr2	75700000	75720000	2
chr2	76000000	76020000	2
chr2	76660000	76680000	2
chr2	85100000	85120000	2
chr2	90400000	90420000	2
chr2	91980000	92000000	2
chr2	93860000	93880000	2
chr2	94440000	94460000	2
chr2	94840000	94860000	2
chr2	96560000	96580000	2
chr2	100780000	100800000	2
chr2	101080000	101100000	2
chr2	101460000	101480000	2
chr2	101680000	101700000	2
chr2	102680000	102700000	2
chr2	103380000	103400000	2
chr2	104140000	104160000	2
chr2	105520000	105540000	2
chr2	105700000	105720000	2
chr2	106440000	106460000	2
chr2	107020000	107040000	2
chr2	107840000	107860000	2
chr2	110080000	110100000	2
chr2	113320000	113340000	2
chr2	113520000	113540000	2
chr2	116240000	116260000	2
chr2	116700000	116720000	2
chr2	117320000	117340000	2
chr2	120300000	120320000	2
chr2	121520000	121540000	2
chr2	122400000	122420000	2
chr2	122800000	122820000	2
chr2	124060000	124080000	2
chr2	124940000	124960000	2
chr2	125340000	125360000	2
chr2	125520000	125540000	2
chr2	125680000	125700000	2
chr2	127880000	127900000	2
chr2	128580000	128600000	2
chr2	129160000	129180000	2
chr2	130060000	130080000	2
chr2	130600000	130620000	2
chr2	131080000	131100000	2
chr2	131820000	131840000	2
chr2	131960000	131980000	2
chr2	132260000	132280000	2
chr2	133560000	133580000	2
chr2	133960000	133980000	2
chr2	134880000	134900000	2
chr2	135520000	135540000	2
chr2	135980000	136000000	2
chr2	136480000	136500000	2
chr2	137480000	137500000	2
chr2	139360000	139380000	2
chr2	139760000	139780000	2
chr2	142280000	142300000	2
chr2	142460000	142480000	2
chr2	142960000	142980000	2
chr2	144300000	144320000	2
chr2	144580000	144600000	2
chr2	145680000	145700000	2
chr2	146220000	146240000	2
chr2	146740000	146760000	2
chr2	147200000	147220000	2
chr2	147340000	147360000	2
chr2	148400000	148420000	2
chr2	149340000	149360000	2
chr2	150180000	150200000	2
chr2	150560000	150580000	2
chr2	150680000	150700000	2
chr2	151500000	151520000	2
chr2	152020000	152040000	2
chr2	153160000	153180000	2
chr2	153620000	153640000	2
chr2	153960000	153980000	2
chr2	154420000	154440000	2
chr2	155240000	155260000	2
chr2	155820000	155840000	2
chr2	156180000	156200000	2
chr2	156420000	156440000	2
chr2	156900000	156920000	2
chr2	157360000	157380000	2
chr2	157600000	157620000	2
chr2	158700000	158720000	2
chr2	159960000	159980000	2
chr2	160180000	160200000	2
chr2	160920000	160940000	2
chr2	161180000	161200000	2
chr2	165380000	165400000	2
chr2	165520000	165540000	2
chr2	166080000	166100000	2
chr2	166580000	166600000	2
chr2	167080000	167100000	2
chr2	167660000	167680000	2
chr2	168440000	168460000	2
chr2	168940000	168960000	2
chr2	169260000	169280000	2
chr2	169740000	169760000	2
chr2	170440000	170460000	2
chr2	170620000	170640000	2
chr2	170760000	170780000	2
chr2	171680000	171700000	2
chr2	172360000	172380000	2
chr2	172500000	172520000	2
chr2	172780000	172800000	2
chr2	173120000	173140000	2
chr2	173580000	173600000	2
chr2	177060000	177080000	2
chr2	179080000	179100000	2
chr2	179440000	179460000	2
chr2	180440000	180460000	2
chr2	180800000	180820000	2
chr2	181620000	181640000	2
chr2	22880000	22900000	2
chr2	34780000	34800000	2
chr2	43220000	43240000	2
chr2	45720000	45740000	2
chr2	47440000	47460000	2
chr2	49340000	49360000	2
chr2	56120000	56140000	2
chr2	60020000	60040000	2
chr2	67920000	67940000	2
chr2	70580000	70600000	2
chr2	77240000	77260000	2
chr2	82720000	82740000	2
chr2	83620000	83640000	2
chr2	85580000	85600000	2
chr2	90800000	90820000	2
chr2	97480000	97500000	2
chr2	103040000	103060000	2
chr2	110600000	110620000	2
chr2	138240000	138260000	2
chr2	162520000	162540000	2
chr2	171240000	171260000	2
chr3	4380000	4400000	2
chr3	4800000	4820000	2
chr3	7520000	7540000	2
chr3	9360000	9380000	2
chr3	9640000	9660000	2
chr3	12580000	12600000	2
chr3	14680000	14700000	2
chr3	16440000	16460000	2
chr3	17660000	17680000	2
chr3	17840000	17860000	2
chr3	18220000	18240000	2
chr3	19080000	19100000	2
chr3	19520000	19540000	2
chr3	19920000	19940000	2
chr3	20560000	20580000	2
chr3	21440000	21460000	2
chr3	22100000	22120000	2
chr3	22720000	22740000	2
chr3	27020000	27040000	2
chr3	27420000	27440000	2
chr3	29740000	29760000	2
chr3	30020000	30040000	2
chr3	30560000	30580000	2
chr3	31060000	31080000	2
chr3	31220000	31240000	2
chr3	32720000	32740000	2
chr3	33000000	33020000	2
chr3	33300000	33320000	2
chr3	34140000	34160000	2
chr3	34620000	34640000	2
chr3	35260000	35280000	2
chr3	37840000	37860000	2
chr3	38240000	38260000	2
chr3	38880000	38900000	2
chr3	39980000	40000000	2
chr3	42080000	42100000	2
chr3	50520000	50540000	2
chr3	51500000	51520000	2
chr3	51900000	51920000	2
chr3	52260000	52280000	2
chr3	52660000	52680000	2
chr3	53520000	53540000	2
chr3	53740000	53760000	2
chr3	57280000	57300000	2
chr3	63560000	63580000	2
chr3	64280000	64300000	2
chr3	64880000	64900000	2
chr3	65120000	65140000	2
chr3	69240000	69260000	2
chr3	70120000	70140000	2
chr3	70560000	70580000	2
chr3	75160000	75180000	2
chr3	79660000	79680000	2
chr3	80080000	80100000	2
chr3	82880000	82900000	2
chr3	83280000	83300000	2
chr3	83720000	83740000	2
chr3	84640000	84660000	2
chr3	85520000	85540000	2
chr3	86140000	86160000	2
chr3	87520000	87540000	2
chr3	87780000	87800000	2
chr3	89980000	90000000	2
chr3	90300000	90320000	2
chr3	90960000	90980000	2
chr3	92060000	92080000	2
chr3	93080000	93100000	2
chr3	93500000	93520000	2
chr3	94480000	94500000	2
chr3	95160000	95180000	2
chr3	96200000	96220000	2
chr3	96920000	96940000	2
chr3	97340000	97360000	2
chr3	97800000	97820000	2
chr3	98180000	98200000	2
chr3	99080000	99100000	2
chr3	100120000	100140000	2
chr3	100380000	100400000	2
chr3	100940000	100960000	2
chr3	101320000	101340000	2
chr3	105080000	105100000	2
chr3	105620000	105640000	2
chr3	107280000	107300000	2
chr3	107600000	107620000	2
chr3	107920000	107940000	2
chr3	108180000	108200000	2
chr3	108580000	108600000	2
chr3	110140000	110160000	2
chr3	113820000	113840000	2
chr3	116260000	116280000	2
chr3	116520000	116540000	2
chr3	119700000	119720000	2
chr3	124340000	124360000	2
chr3	126580000	126600000	2
chr3	127000000	127020000	2
chr3	128120000	128140000	2
chr3	129260000	129280000	2
chr3	129640000	129660000	2
chr3	129880000	129900000	2
chr3	133160000	133180000	2
chr3	133560000	133580000	2
chr3	135760000	135780000	2
chr3	137360000	137380000	2
chr3	137960000	137980000	2
chr3	138920000	138940000	2
chr3	139820000	139840000	2
chr3	139940000	139960000	2
chr3	142760000	142780000	2
chr3	143840000	143860000	2
chr3	143960000	143980000	2
chr3	144420000	144440000	2
chr3	145740000	145760000	2
chr3	146560000	146580000	2
chr3	146900000	146920000	2
chr3	149560000	149580000	2
chr3	149860000	149880000	2
chr3	150880000	150900000	2
chr3	151540000	151560000	2
chr3	151740000	151760000	2
chr3	152080000	152100000	2
chr3	152560000	152580000	2
chr3	152900000	152920000	2
chr3	153040000	153060000	2
chr3	153960000	153980000	2
chr3	154640000	154660000	2
chr3	155260000	155280000	2
chr3	5140000	5160000	2
chr3	14380000	14400000	2
chr3	54260000	54280000	2
chr3	63940000	63960000	2
chr3	81960000	81980000	2
chr3	98460000	98480000	2
chr3	110280000	110300000	2
chr3	112860000	112880000	2
chr3	114980000	115000000	2
chr3	131240000	131260000	2
chr3	135020000	135040000	2
chr3	140740000	140760000	2
chr3	148220000	148240000	2
chr3	156520000	156540000	2
chr3	159580000	159600000	2
chr4	3300000	3320000	2
chr4	3960000	3980000	2
chr4	4140000	4160000	2
chr4	4460000	4480000	2
chr4	4580000	4600000	2
chr4	4720000	4740000	2
chr4	6220000	6240000	2
chr4	8660000	8680000	2
chr4	9120000	9140000	2
chr4	9840000	9860000	2
chr4	10860000	10880000	2
chr4	13920000	13940000	2
chr4	14520000	14540000	2
chr4	20060000	20080000	2
chr4	20900000	20920000	2
chr4	22000000	22020000	2
chr4	22520000	22540000	2
chr4	33540000	33560000	2
chr4	34580000	34600000	2
chr4	38960000	38980000	2
chr4	42980000	43000000	2
chr4	43740000	43760000	2
chr4	45300000	45320000	2
chr4	45840000	45860000	2
chr4	47400000	47420000	2
chr4	47800000	47820000	2
chr4	48420000	48440000	2
chr4	49680000	49700000	2
chr4	56140000	56160000	2
chr4	56860000	56880000	2
chr4	57000000	57020000	2
chr4	57380000	57400000	2
chr4	57920000	57940000	2
chr4	58660000	58680000	2
chr4	59340000	59360000	2
chr4	59800000	59820000	2
chr4	61860000	61880000	2
chr4	62420000	62440000	2
chr4	63640000	63660000	2
chr4	63960000	63980000	2
chr4	65660000	65680000	2
chr4	70980000	71000000	2
chr4	73420000	73440000	2
chr4	75820000	75840000	2
chr4	84260000	84280000	2
chr4	85160000	85180000	2
chr4	85440000	85460000	2
chr4	86060000	86080000	2
chr4	86260000	86280000	2
chr4	86860000	86880000	2
chr4	93500000	93520000	2
chr4	94380000	94400000	2
chr4	95960000	95980000	2
chr4	98720000	98740000	2
chr4	99220000	99240000	2
chr4	101380000	101400000	2
chr4	101840000	101860000	2
chr4	102000000	102020000	2
chr4	102660000	102680000	2
chr4	103240000	103260000	2
chr4	105300000	105320000	2
chr4	107500000	107520000	2
chr4	107880000	107900000	2
chr4	110860000	110880000	2
chr4	113100000	113120000	2
chr4	114340000	114360000	2
chr4	114960000	114980000	2
chr4	115100000	115120000	2
chr4	115720000	115740000	2
chr4	116640000	116660000	2
chr4	117140000	117160000	2
chr4	117940000	117960000	2
chr4	118560000	118580000	2
chr4	119000000	119020000	2
chr4	119240000	119260000	2
chr4	121040000	121060000	2
chr4	121900000	121920000	2
chr4	123920000	123940000	2
chr4	124120000	124140000	2
chr4	124680000	124700000	2
chr4	126320000	126340000	2
chr4	127020000	127040000	2
chr4	127240000	127260000	2
chr4	127980000	128000000	2
chr4	128620000	128640000	2
chr4	128960000	128980000	2
chr4	130780000	130800000	2
chr4	130960000	130980000	2
chr4	136880000	136900000	2
chr4	137400000	137420000	2
chr4	139180000	139200000	2
chr4	139720000	139740000	2
chr4	139880000	139900000	2
chr4	141240000	141260000	2
chr4	141840000	141860000	2
chr4	142100000	142120000	2
chr4	143020000	143040000	2
chr4	144400000	144420000	2
chr4	145700000	145720000	2
chr4	148180000	148200000	2
chr4	148640000	148660000	2
chr4	149120000	149140000	2
chr4	151160000	151180000	2
chr4	151700000	151720000	2
chr4	152340000	152360000	2
chr4	152660000	152680000	2
chr4	154420000	154440000	2
chr4	154840000	154860000	2
chr4	155280000	155300000	2
chr4	36760000	36780000	2
chr4	50340000	50360000	2
chr4	51500000	51520000	2
chr4	58780000	58800000	2
chr4	80500000	80520000	2
chr4	90160000	90180000	2
chr4	93620000	93640000	2
chr4	96700000	96720000	2
chr4	105860000	105880000	2
chr4	121600000	121620000	2
chr5	3300000	3320000	2
chr5	4220000	4240000	2
chr5	4780000	4800000	2
chr5	7880000	7900000	2
chr5	9660000	9680000	2
chr5	13020000	13040000	2
chr5	16520000	16540000	2
chr5	18060000	18080000	2
chr5	21680000	21700000	2
chr5	23860000	23880000	2
chr5	24260000	24280000	2
chr5	25020000	25040000	2
chr5	25940000	25960000	2
chr5	26460000	26480000	2
chr5	27800000	27820000	2
chr5	31320000	31340000	2
chr5	31560000	31580000	2
chr5	32200000	32220000	2
chr5	33060000	33080000	2
chr5	33640000	33660000	2
chr5	34680000	34700000	2
chr5	35140000	35160000	2
chr5	37780000	37800000	2
chr5	38700000	38720000	2
chr5	39480000	39500000	2
chr5	40500000	40520000	2
chr5	41060000	41080000	2
chr5	41620000	41640000	2
chr5	42700000	42720000	2
chr5	43440000	43460000	2
chr5	43840000	43860000	2
chr5	44280000	44300000	2
chr5	48420000	48440000	2
chr5	51560000	51580000	2
chr5	52140000	52160000	2
chr5	52900000	52920000	2
chr5	63880000	63900000	2
chr5	64380000	64400000	2
chr5	64520000	64540000	2
chr5	72160000	72180000	2
chr5	72720000	72740000	2
chr5	72900000	72920000	2
chr5	74000000	74020000	2
chr5	74120000	74140000	2
chr5	75180000	75200000	2
chr5	75400000	75420000	2
chr5	76160000	76180000	2
chr5	76860000	76880000	2
chr5	77480000	77500000	2
chr5	89520000	89540000	2
chr5	90080000	90100000	2
chr5	90400000	90420000	2
chr5	91520000	91540000	2
chr5	91780000	91800000	2
chr5	92100000	92120000	2
chr5	93020000	93040000	2
chr5	96220000	96240000	2
chr5	96820000	96840000	2
chr5	97120000	97140000	2
chr5	97520000	97540000	2
chr5	98040000	98060000	2
chr5	98180000	98200000	2
chr5	98620000	98640000	2
chr5	99200000	99220000	2
chr5	99920000	99940000	2
chr5	100340000	100360000	2
chr5	100540000	100560000	2
chr5	100940000	100960000	2
chr5	101720000	101740000	2
chr5	102880000	102900000	2
chr5	104200000	104220000	2
chr5	105520000	105540000	2
chr5	105880000	105900000	2
chr5	106260000	106280000	2
chr5	108800000	108820000	2
chr5	111760000	111780000	2
chr5	112880000	112900000	2
chr5	113080000	113100000	2
chr5	114640000	114660000	2
chr5	114960000	114980000	2
chr5	117500000	117520000	2
chr5	118280000	118300000	2
chr5	119400000	119420000	2
chr5	119740000	119760000	2
chr5	121700000	121720000	2
chr5	122080000	122100000	2
chr5	125200000	125220000	2
chr5	125360000	125380000	2
chr5	127160000	127180000	2
chr5	127580000	127600000	2
chr5	129040000	129060000	2
chr5	129180000	129200000	2
chr5	130420000	130440000	2
chr5	130860000	130880000	2
chr5	135400000	135420000	2
chr5	135860000	135880000	2
chr5	136140000	136160000	2
chr5	136920000	136940000	2
chr5	138700000	138720000	2
chr5	139340000	139360000	2
chr5	139980000	140000000	2
chr5	140880000	140900000	2
chr5	142360000	142380000	2
chr5	142500000	142520000	2
chr5	143300000	143320000	2
chr5	143580000	143600000	2
chr5	144780000	144800000	2
chr5	146180000	146200000	2
chr5	146340000	146360000	2
chr5	146700000	146720000	2
chr5	147340000	147360000	2
chr5	147760000	147780000	2
chr5	150120000	150140000	2
chr5	150520000	150540000	2
chr5	3440000	3460000	2
chr5	4600000	4620000	2
chr5	5380000	5400000	2
chr5	8580000	8600000	2
chr5	35540000	35560000	2
chr5	36460000	36480000	2
chr5	54160000	54180000	2
chr5	132200000	132220000	2
chr5	131900000	131920000	2
chr5	133820000	133840000	2
chr6	4560000	4580000	2
chr6	4920000	4940000	2
chr6	5420000	5440000	2
chr6	6960000	6980000	2
chr6	7860000	7880000	2
chr6	8940000	8960000	2
chr6	20840000	20860000	2
chr6	23020000	23040000	2
chr6	23160000	23180000	2
chr6	25040000	25060000	2
chr6	25540000	25560000	2
chr6	30020000	30040000	2
chr6	31060000	31080000	2
chr6	31860000	31880000	2
chr6	32780000	32800000	2
chr6	35760000	35780000	2
chr6	37060000	37080000	2
chr6	37460000	37480000	2
chr6	38380000	38400000	2
chr6	39380000	39400000	2
chr6	41660000	41680000	2
chr6	42240000	42260000	2
chr6	42760000	42780000	2
chr6	43260000	43280000	2
chr6	45420000	45440000	2
chr6	45580000	45600000	2
chr6	49520000	49540000	2
chr6	50100000	50120000	2
chr6	52500000	52520000	2
chr6	53160000	53180000	2
chr6	54380000	54400000	2
chr6	54560000	54580000	2
chr6	55020000	55040000	2
chr6	55180000	55200000	2
chr6	55520000	55540000	2
chr6	55660000	55680000	2
chr6	56060000	56080000	2
chr6	56940000	56960000	2
chr6	59920000	59940000	2
chr6	60560000	60580000	2
chr6	60840000	60860000	2
chr6	66540000	66560000	2
chr6	66700000	66720000	2
chr6	67860000	67880000	2
chr6	68080000	68100000	2
chr6	71120000	71140000	2
chr6	71840000	71860000	2
chr6	72300000	72320000	2
chr6	72920000	72940000	2
chr6	73320000	73340000	2
chr6	80140000	80160000	2
chr6	81060000	81080000	2
chr6	81360000	81380000	2
chr6	81960000	81980000	2
chr6	82420000	82440000	2
chr6	84420000	84440000	2
chr6	84600000	84620000	2
chr6	85160000	85180000	2
chr6	85600000	85620000	2
chr6	86020000	86040000	2
chr6	86700000	86720000	2
chr6	87880000	87900000	2
chr6	88140000	88160000	2
chr6	89180000	89200000	2
chr6	90480000	90500000	2
chr6	90820000	90840000	2
chr6	91440000	91460000	2
chr6	92780000	92800000	2
chr6	93120000	93140000	2
chr6	94080000	94100000	2
chr6	99860000	99880000	2
chr6	101400000	101420000	2
chr6	109400000	109420000	2
chr6	111080000	111100000	2
chr6	111960000	111980000	2
chr6	112520000	112540000	2
chr6	113700000	113720000	2
chr6	114080000	114100000	2
chr6	115060000	115080000	2
chr6	115880000	115900000	2
chr6	116020000	116040000	2
chr6	116440000	116460000	2
chr6	116800000	116820000	2
chr6	116980000	117000000	2
chr6	117640000	117660000	2
chr6	118580000	118600000	2
chr6	119100000	119120000	2
chr6	120320000	120340000	2
chr6	120500000	120520000	2
chr6	120860000	120880000	2
chr6	121560000	121580000	2
chr6	122640000	122660000	2
chr6	122880000	122900000	2
chr6	123640000	123660000	2
chr6	124280000	124300000	2
chr6	124460000	124480000	2
chr6	124800000	124820000	2
chr6	125320000	125340000	2
chr6	126200000	126220000	2
chr6	126500000	126520000	2
chr6	127140000	127160000	2
chr6	127480000	127500000	2
chr6	127960000	127980000	2
chr6	128580000	128600000	2
chr6	129380000	129400000	2
chr6	133920000	133940000	2
chr6	134840000	134860000	2
chr6	134960000	134980000	2
chr6	135920000	135940000	2
chr6	136120000	136140000	2
chr6	136840000	136860000	2
chr6	137200000	137220000	2
chr6	137400000	137420000	2
chr6	139800000	139820000	2
chr6	140080000	140100000	2
chr6	140240000	140260000	2
chr6	141080000	141100000	2
chr6	141820000	141840000	2
chr6	143240000	143260000	2
chr6	143440000	143460000	2
chr6	143580000	143600000	2
chr6	144940000	144960000	2
chr6	145360000	145380000	2
chr6	145660000	145680000	2
chr6	146420000	146440000	2
chr6	148940000	148960000	2
chr6	6160000	6180000	2
chr6	15860000	15880000	2
chr6	28160000	28180000	2
chr6	48400000	48420000	2
chr6	57420000	57440000	2
chr6	73640000	73660000	2
chr6	75080000	75100000	2
chr6	110780000	110800000	2
chr6	115700000	115720000	2
chr6	116640000	116660000	2
chr6	124120000	124140000	2
chr6	128320000	128340000	2
chr6	149420000	149440000	2
chr7	3600000	3620000	2
chr7	4520000	4540000	2
chr7	6360000	6380000	2
chr7	6940000	6960000	2
chr7	8000000	8020000	2
chr7	9920000	9940000	2
chr7	10200000	10220000	2
chr7	11620000	11640000	2
chr7	13560000	13580000	2
chr7	13680000	13700000	2
chr7	14340000	14360000	2
chr7	14540000	14560000	2
chr7	16940000	16960000	2
chr7	17080000	17100000	2
chr7	17200000	17220000	2
chr7	17440000	17460000	2
chr7	20760000	20780000	2
chr7	23160000	23180000	2
chr7	27140000	27160000	2
chr7	27700000	27720000	2
chr7	31060000	31080000	2
chr7	33100000	33120000	2
chr7	38200000	38220000	2
chr7	40280000	40300000	2
chr7	40680000	40700000	2
chr7	42640000	42660000	2
chr7	43140000	43160000	2
chr7	46100000	46120000	2
chr7	46660000	46680000	2
chr7	47160000	47180000	2
chr7	48160000	48180000	2
chr7	48760000	48780000	2
chr7	48880000	48900000	2
chr7	49640000	49660000	2
chr7	49940000	49960000	2
chr7	50980000	51000000	2
chr7	51460000	51480000	2
chr7	56440000	56460000	2
chr7	57580000	57600000	2
chr7	60200000	60220000	2
chr7	62420000	62440000	2
chr7	63160000	63180000	2
chr7	65720000	65740000	2
chr7	67780000	67800000	2
chr7	68380000	68400000	2
chr7	68840000	68860000	2
chr7	74580000	74600000	2
chr7	75120000	75140000	2
chr7	75380000	75400000	2
chr7	75900000	75920000	2
chr7	76380000	76400000	2
chr7	78640000	78660000	2
chr7	78960000	78980000	2
chr7	79260000	79280000	2
chr7	79500000	79520000	2
chr7	92580000	92600000	2
chr7	96140000	96160000	2
chr7	99620000	99640000	2
chr7	100000000	100020000	2
chr7	101560000	101580000	2
chr7	101940000	101960000	2
chr7	102500000	102520000	2
chr7	102680000	102700000	2
chr7	103460000	103480000	2
chr7	105540000	105560000	2
chr7	106300000	106320000	2
chr7	108100000	108120000	2
chr7	110680000	110700000	2
chr7	114840000	114860000	2
chr7	115460000	115480000	2
chr7	116120000	116140000	2
chr7	122260000	122280000	2
chr7	123520000	123540000	2
chr7	125440000	125460000	2
chr7	125640000	125660000	2
chr7	129980000	130000000	2
chr7	131140000	131160000	2
chr7	131620000	131640000	2
chr7	133520000	133540000	2
chr7	133800000	133820000	2
chr7	136180000	136200000	2
chr7	136880000	136900000	2
chr7	141820000	141840000	2
chr7	142320000	142340000	2
chr7	143980000	144000000	2
chr7	26680000	26700000	2
chr7	32640000	32660000	2
chr7	34180000	34200000	2
chr7	48520000	48540000	2
chr7	109520000	109540000	2
chr7	125280000	125300000	2
chr7	144440000	144460000	2
chr8	3080000	3100000	2
chr8	3500000	3520000	2
chr8	3700000	3720000	2
chr8	4140000	4160000	2
chr8	4380000	4400000	2
chr8	7640000	7660000	2
chr8	8180000	8200000	2
chr8	9220000	9240000	2
chr8	9800000	9820000	2
chr8	10900000	10920000	2
chr8	11420000	11440000	2
chr8	11560000	11580000	2
chr8	11740000	11760000	2
chr8	12400000	12420000	2
chr8	13760000	13780000	2
chr8	14920000	14940000	2
chr8	16320000	16340000	2
chr8	16720000	16740000	2
chr8	17780000	17800000	2
chr8	18400000	18420000	2
chr8	18960000	18980000	2
chr8	19180000	19200000	2
chr8	21020000	21040000	2
chr8	21960000	21980000	2
chr8	24620000	24640000	2
chr8	25240000	25260000	2
chr8	26180000	26200000	2
chr8	26580000	26600000	2
chr8	27340000	27360000	2
chr8	34380000	34400000	2
chr8	34840000	34860000	2
chr8	37100000	37120000	2
chr8	38920000	38940000	2
chr8	39640000	39660000	2
chr8	40140000	40160000	2
chr8	40440000	40460000	2
chr8	40900000	40920000	2
chr8	41440000	41460000	2
chr8	44680000	44700000	2
chr8	45260000	45280000	2
chr8	45500000	45520000	2
chr8	45960000	45980000	2
chr8	46180000	46200000	2
chr8	46980000	47000000	2
chr8	47400000	47420000	2
chr8	48320000	48340000	2
chr8	48460000	48480000	2
chr8	48980000	49000000	2
chr8	49180000	49200000	2
chr8	54000000	54020000	2
chr8	56400000	56420000	2
chr8	57420000	57440000	2
chr8	60500000	60520000	2
chr8	60980000	61000000	2
chr8	61900000	61920000	2
chr8	63740000	63760000	2
chr8	65000000	65020000	2
chr8	65140000	65160000	2
chr8	69100000	69120000	2
chr8	69700000	69720000	2
chr8	71820000	71840000	2
chr8	72660000	72680000	2
chr8	73360000	73380000	2
chr8	75240000	75260000	2
chr8	75860000	75880000	2
chr8	78520000	78540000	2
chr8	78940000	78960000	2
chr8	79220000	79240000	2
chr8	80760000	80780000	2
chr8	81040000	81060000	2
chr8	82740000	82760000	2
chr8	84220000	84240000	2
chr8	84660000	84680000	2
chr8	85460000	85480000	2
chr8	86940000	86960000	2
chr8	87100000	87120000	2
chr8	87640000	87660000	2
chr8	88860000	88880000	2
chr8	90660000	90680000	2
chr8	91060000	91080000	2
chr8	91680000	91700000	2
chr8	92140000	92160000	2
chr8	92520000	92540000	2
chr8	93660000	93680000	2
chr8	94700000	94720000	2
chr8	94820000	94840000	2
chr8	102940000	102960000	2
chr8	103380000	103400000	2
chr8	103640000	103660000	2
chr8	104060000	104080000	2
chr8	104600000	104620000	2
chr8	105420000	105440000	2
chr8	105620000	105640000	2
chr8	106160000	106180000	2
chr8	106420000	106440000	2
chr8	106680000	106700000	2
chr8	107400000	107420000	2
chr8	107740000	107760000	2
chr8	110920000	110940000	2
chr8	111880000	111900000	2
chr8	112060000	112080000	2
chr8	112600000	112620000	2
chr8	114020000	114040000	2
chr8	115080000	115100000	2
chr8	115200000	115220000	2
chr8	115780000	115800000	2
chr8	116540000	116560000	2
chr8	116880000	116900000	2
chr8	117480000	117500000	2
chr8	119080000	119100000	2
chr8	119320000	119340000	2
chr8	119800000	119820000	2
chr8	120680000	120700000	2
chr8	121220000	121240000	2
chr8	121560000	121580000	2
chr8	122700000	122720000	2
chr8	124040000	124060000	2
chr8	124220000	124240000	2
chr8	124600000	124620000	2
chr8	124820000	124840000	2
chr8	125740000	125760000	2
chr8	125900000	125920000	2
chr8	126500000	126520000	2
chr8	127200000	127220000	2
chr8	15580000	15600000	2
chr8	36460000	36480000	2
chr8	39440000	39460000	2
chr8	42080000	42100000	2
chr8	51080000	51100000	2
chr8	56520000	56540000	2
chr8	63880000	63900000	2
chr8	72260000	72280000	2
chr8	73240000	73260000	2
chr8	82600000	82620000	2
chr8	86620000	86640000	2
chr8	109600000	109620000	2
chr8	109060000	109080000	2
chr8	118860000	118880000	2
chr9	4440000	4460000	2
chr9	6280000	6300000	2
chr9	6680000	6700000	2
chr9	8640000	8660000	2
chr9	8980000	9000000	2
chr9	9400000	9420000	2
chr9	9800000	9820000	2
chr9	10780000	10800000	2
chr9	12020000	12040000	2
chr9	13880000	13900000	2
chr9	14420000	14440000	2
chr9	14780000	14800000	2
chr9	18760000	18780000	2
chr9	23280000	23300000	2
chr9	25360000	25380000	2
chr9	26040000	26060000	2
chr9	27760000	27780000	2
chr9	30960000	30980000	2
chr9	31440000	31460000	2
chr9	31560000	31580000	2
chr9	31940000	31960000	2
chr9	32280000	32300000	2
chr9	32400000	32420000	2
chr9	33140000	33160000	2
chr9	34380000	34400000	2
chr9	34620000	34640000	2
chr9	35040000	35060000	2
chr9	35580000	35600000	2
chr9	38700000	38720000	2
chr9	40000000	40020000	2
chr9	40820000	40840000	2
chr9	41000000	41020000	2
chr9	41980000	42000000	2
chr9	42760000	42780000	2
chr9	43720000	43740000	2
chr9	43880000	43900000	2
chr9	45160000	45180000	2
chr9	45300000	45320000	2
chr9	45420000	45440000	2
chr9	47320000	47340000	2
chr9	47940000	47960000	2
chr9	49240000	49260000	2
chr9	49520000	49540000	2
chr9	51760000	51780000	2
chr9	51980000	52000000	2
chr9	52180000	52200000	2
chr9	52300000	52320000	2
chr9	54200000	54220000	2
chr9	55400000	55420000	2
chr9	55560000	55580000	2
chr9	56100000	56120000	2
chr9	56860000	56880000	2
chr9	57460000	57480000	2
chr9	57860000	57880000	2
chr9	58320000	58340000	2
chr9	58760000	58780000	2
chr9	59280000	59300000	2
chr9	59980000	60000000	2
chr9	60580000	60600000	2
chr9	61020000	61040000	2
chr9	61700000	61720000	2
chr9	62260000	62280000	2
chr9	62400000	62420000	2
chr9	62840000	62860000	2
chr9	63140000	63160000	2
chr9	63580000	63600000	2
chr9	63880000	63900000	2
chr9	64280000	64300000	2
chr9	64720000	64740000	2
chr9	65000000	65020000	2
chr9	65200000	65220000	2
chr9	65600000	65620000	2
chr9	68140000	68160000	2
chr9	68780000	68800000	2
chr9	69280000	69300000	2
chr9	69520000	69540000	2
chr9	70000000	70020000	2
chr9	70660000	70680000	2
chr9	71080000	71100000	2
chr9	71820000	71840000	2
chr9	74080000	74100000	2
chr9	74500000	74520000	2
chr9	74900000	74920000	2
chr9	75300000	75320000	2
chr9	75720000	75740000	2
chr9	76380000	76400000	2
chr9	77580000	77600000	2
chr9	78060000	78080000	2
chr9	83340000	83360000	2
chr9	83800000	83820000	2
chr9	84240000	84260000	2
chr9	85660000	85680000	2
chr9	87280000	87300000	2
chr9	89820000	89840000	2
chr9	94160000	94180000	2
chr9	96920000	96940000	2
chr9	98260000	98280000	2
chr9	98420000	98440000	2
chr9	98620000	98640000	2
chr9	98960000	98980000	2
chr9	100180000	100200000	2
chr9	100560000	100580000	2
chr9	102580000	102600000	2
chr9	103060000	103080000	2
chr9	103400000	103420000	2
chr9	104020000	104040000	2
chr9	104420000	104440000	2
chr9	105440000	105460000	2
chr9	106140000	106160000	2
chr9	106880000	106900000	2
chr9	107360000	107380000	2
chr9	109000000	109020000	2
chr9	109800000	109820000	2
chr9	109920000	109940000	2
chr9	110920000	110940000	2
chr9	111060000	111080000	2
chr9	112240000	112260000	2
chr9	114040000	114060000	2
chr9	115340000	115360000	2
chr9	115620000	115640000	2
chr9	118040000	118060000	2
chr9	118200000	118220000	2
chr9	119060000	119080000	2
chr9	120940000	120960000	2
chr9	121480000	121500000	2
chr9	122720000	122740000	2
chr9	26860000	26880000	2
chr9	26660000	26680000	2
chr9	29420000	29440000	2
chr9	36460000	36480000	2
chr9	41820000	41840000	2
chr9	52980000	53000000	2
chr9	77080000	77100000	2
chr9	94740000	94760000	2
chr9	101080000	101100000	2
chr9	113160000	113180000	2
chr9	121700000	121720000	2
chr9	124080000	124100000	2
chr10	3540000	3560000	2
chr10	3860000	3880000	2
chr10	3980000	4000000	2
chr10	4400000	4420000	2
chr10	4620000	4640000	2
chr10	5580000	5600000	2
chr10	5800000	5820000	2
chr10	6040000	6060000	2
chr10	6800000	6820000	2
chr10	7060000	7080000	2
chr10	7300000	7320000	2
chr10	7440000	7460000	2
chr10	7900000	7920000	2
chr10	8520000	8540000	2
chr10	8900000	8920000	2
chr10	12380000	12400000	2
chr10	12900000	12920000	2
chr10	13460000	13480000	2
chr10	14200000	14220000	2
chr10	17760000	17780000	2
chr10	18560000	18580000	2
chr10	18920000	18940000	2
chr10	19580000	19600000	2
chr10	19700000	19720000	2
chr10	19920000	19940000	2
chr10	20360000	20380000	2
chr10	20620000	20640000	2
chr10	21380000	21400000	2
chr10	22040000	22060000	2
chr10	22560000	22580000	2
chr10	22920000	22940000	2
chr10	23460000	23480000	2
chr10	24220000	24240000	2
chr10	24720000	24740000	2
chr10	34840000	34860000	2
chr10	34980000	35000000	2
chr10	36240000	36260000	2
chr10	36380000	36400000	2
chr10	37320000	37340000	2
chr10	37800000	37820000	2
chr10	41300000	41320000	2
chr10	42020000	42040000	2
chr10	42640000	42660000	2
chr10	43140000	43160000	2
chr10	43580000	43600000	2
chr10	44260000	44280000	2
chr10	45200000	45220000	2
chr10	45520000	45540000	2
chr10	45980000	46000000	2
chr10	46240000	46260000	2
chr10	50880000	50900000	2
chr10	51800000	51820000	2
chr10	52080000	52100000	2
chr10	52760000	52780000	2
chr10	56380000	56400000	2
chr10	57480000	57500000	2
chr10	58760000	58780000	2
chr10	59400000	59420000	2
chr10	59900000	59920000	2
chr10	61160000	61180000	2
chr10	61680000	61700000	2
chr10	62280000	62300000	2
chr10	64440000	64460000	2
chr10	64720000	64740000	2
chr10	68460000	68480000	2
chr10	69120000	69140000	2
chr10	69340000	69360000	2
chr10	70340000	70360000	2
chr10	71780000	71800000	2
chr10	75200000	75220000	2
chr10	76240000	76260000	2
chr10	77120000	77140000	2
chr10	77260000	77280000	2
chr10	77600000	77620000	2
chr10	78380000	78400000	2
chr10	79520000	79540000	2
chr10	79700000	79720000	2
chr10	79880000	79900000	2
chr10	80000000	80020000	2
chr10	82180000	82200000	2
chr10	82640000	82660000	2
chr10	82920000	82940000	2
chr10	83800000	83820000	2
chr10	84520000	84540000	2
chr10	85200000	85220000	2
chr10	85360000	85380000	2
chr10	86080000	86100000	2
chr10	86980000	87000000	2
chr10	87160000	87180000	2
chr10	87540000	87560000	2
chr10	88360000	88380000	2
chr10	88740000	88760000	2
chr10	88860000	88880000	2
chr10	89320000	89340000	2
chr10	91200000	91220000	2
chr10	91600000	91620000	2
chr10	93440000	93460000	2
chr10	93560000	93580000	2
chr10	93840000	93860000	2
chr10	93960000	93980000	2
chr10	95880000	95900000	2
chr10	96140000	96160000	2
chr10	97380000	97400000	2
chr10	98580000	98600000	2
chr10	99180000	99200000	2
chr10	99640000	99660000	2
chr10	105120000	105140000	2
chr10	105600000	105620000	2
chr10	105860000	105880000	2
chr10	107520000	107540000	2
chr10	108900000	108920000	2
chr10	111020000	111040000	2
chr10	113680000	113700000	2
chr10	115180000	115200000	2
chr10	115480000	115500000	2
chr10	115660000	115680000	2
chr10	116460000	116480000	2
chr10	118360000	118380000	2
chr10	119380000	119400000	2
chr10	120140000	120160000	2
chr10	121700000	121720000	2
chr10	122060000	122080000	2
chr10	123260000	123280000	2
chr10	124120000	124140000	2
chr10	126360000	126380000	2
chr10	126680000	126700000	2
chr10	127040000	127060000	2
chr10	127680000	127700000	2
chr10	128040000	128060000	2
chr10	128560000	128580000	2
chr10	10340000	10360000	2
chr10	14320000	14340000	2
chr10	38600000	38620000	2
chr10	53540000	53560000	2
chr10	57880000	57900000	2
chr10	72340000	72360000	2
chr10	83540000	83560000	2
chr10	118760000	118780000	2
chr10	120700000	120720000	2
chr10	123100000	123120000	2
chr11	5180000	5200000	2
chr11	5480000	5500000	2
chr11	6640000	6660000	2
chr11	7200000	7220000	2
chr11	7580000	7600000	2
chr11	8420000	8440000	2
chr11	8980000	9000000	2
chr11	10220000	10240000	2
chr11	11480000	11500000	2
chr11	13440000	13460000	2
chr11	14180000	14200000	2
chr11	18400000	18420000	2
chr11	19620000	19640000	2
chr11	19820000	19840000	2
chr11	20420000	20440000	2
chr11	21280000	21300000	2
chr11	22500000	22520000	2
chr11	23000000	23020000	2
chr11	23680000	23700000	2
chr11	26680000	26700000	2
chr11	27020000	27040000	2
chr11	29700000	29720000	2
chr11	30100000	30120000	2
chr11	31380000	31400000	2
chr11	31680000	31700000	2
chr11	32140000	32160000	2
chr11	33740000	33760000	2
chr11	34140000	34160000	2
chr11	34840000	34860000	2
chr11	35060000	35080000	2
chr11	36040000	36060000	2
chr11	44420000	44440000	2
chr11	44600000	44620000	2
chr11	45180000	45200000	2
chr11	49140000	49160000	2
chr11	49660000	49680000	2
chr11	49980000	50000000	2
chr11	50440000	50460000	2
chr11	50580000	50600000	2
chr11	50780000	50800000	2
chr11	51260000	51280000	2
chr11	53280000	53300000	2
chr11	53460000	53480000	2
chr11	53860000	53880000	2
chr11	54100000	54120000	2
chr11	57040000	57060000	2
chr11	57180000	57200000	2
chr11	57480000	57500000	2
chr11	59620000	59640000	2
chr11	63220000	63240000	2
chr11	64260000	64280000	2
chr11	64560000	64580000	2
chr11	64980000	65000000	2
chr11	65200000	65220000	2
chr11	65420000	65440000	2
chr11	66240000	66260000	2
chr11	67680000	67700000	2
chr11	67820000	67840000	2
chr11	68260000	68280000	2
chr11	70980000	71000000	2
chr11	71340000	71360000	2
chr11	72360000	72380000	2
chr11	72580000	72600000	2
chr11	74380000	74400000	2
chr11	76660000	76680000	2
chr11	76860000	76880000	2
chr11	78980000	79000000	2
chr11	81640000	81660000	2
chr11	82240000	82260000	2
chr11	82420000	82440000	2
chr11	82740000	82760000	2
chr11	83300000	83320000	2
chr11	85160000	85180000	2
chr11	87440000	87460000	2
chr11	90180000	90200000	2
chr11	91320000	91340000	2
chr11	94140000	94160000	2
chr11	95280000	95300000	2
chr11	99060000	99080000	2
chr11	99400000	99420000	2
chr11	99620000	99640000	2
chr11	100340000	100360000	2
chr11	100720000	100740000	2
chr11	103640000	103660000	2
chr11	103760000	103780000	2
chr11	104460000	104480000	2
chr11	104700000	104720000	2
chr11	106180000	106200000	2
chr11	107540000	107560000	2
chr11	108400000	108420000	2
chr11	109700000	109720000	2
chr11	110200000	110220000	2
chr11	110520000	110540000	2
chr11	111460000	111480000	2
chr11	112120000	112140000	2
chr11	113000000	113020000	2
chr11	113840000	113860000	2
chr11	114200000	114220000	2
chr11	115100000	115120000	2
chr11	119020000	119040000	2
chr11	119400000	119420000	2
chr11	9800000	9820000	2
chr11	14360000	14380000	2
chr11	36540000	36560000	2
chr11	41360000	41380000	2
chr11	48200000	48220000	2
chr11	74600000	74620000	2
chr11	77480000	77500000	2
chr11	86060000	86080000	2
chr11	92920000	92940000	2
chr11	92100000	92120000	2
chr11	94580000	94600000	2
chr12	3040000	3060000	2
chr12	3800000	3820000	2
chr12	4140000	4160000	2
chr12	4580000	4600000	2
chr12	5000000	5020000	2
chr12	6100000	6120000	2
chr12	7560000	7580000	2
chr12	7800000	7820000	2
chr12	9840000	9860000	2
chr12	10440000	10460000	2
chr12	10800000	10820000	2
chr12	12580000	12600000	2
chr12	14920000	14940000	2
chr12	15520000	15540000	2
chr12	16060000	16080000	2
chr12	17560000	17580000	2
chr12	19520000	19540000	2
chr12	19960000	19980000	2
chr12	21380000	21400000	2
chr12	22100000	22120000	2
chr12	22620000	22640000	2
chr12	23680000	23700000	2
chr12	24340000	24360000	2
chr12	24460000	24480000	2
chr12	25860000	25880000	2
chr12	26320000	26340000	2
chr12	28460000	28480000	2
chr12	28700000	28720000	2
chr12	29420000	29440000	2
chr12	29640000	29660000	2
chr12	30400000	30420000	2
chr12	30600000	30620000	2
chr12	31100000	31120000	2
chr12	31520000	31540000	2
chr12	33460000	33480000	2
chr12	40200000	40220000	2
chr12	50300000	50320000	2
chr12	54180000	54200000	2
chr12	54680000	54700000	2
chr12	56080000	56100000	2
chr12	56540000	56560000	2
chr12	56680000	56700000	2
chr12	57260000	57280000	2
chr12	57800000	57820000	2
chr12	70260000	70280000	2
chr12	70720000	70740000	2
chr12	71400000	71420000	2
chr12	71820000	71840000	2
chr12	75400000	75420000	2
chr12	77060000	77080000	2
chr12	77240000	77260000	2
chr12	78900000	78920000	2
chr12	79360000	79380000	2
chr12	80160000	80180000	2
chr12	80780000	80800000	2
chr12	80940000	80960000	2
chr12	81540000	81560000	2
chr12	82000000	82020000	2
chr12	82520000	82540000	2
chr12	83080000	83100000	2
chr12	83520000	83540000	2
chr12	84280000	84300000	2
chr12	84580000	84600000	2
chr12	85740000	85760000	2
chr12	86360000	86380000	2
chr12	86800000	86820000	2
chr12	86960000	86980000	2
chr12	87500000	87520000	2
chr12	98800000	98820000	2
chr12	99960000	99980000	2
chr12	100780000	100800000	2
chr12	101120000	101140000	2
chr12	102960000	102980000	2
chr12	103380000	103400000	2
chr12	104420000	104440000	2
chr12	104880000	104900000	2
chr12	107820000	107840000	2
chr12	108060000	108080000	2
chr12	108820000	108840000	2
chr12	109420000	109440000	2
chr12	110420000	110440000	2
chr12	110720000	110740000	2
chr12	110880000	110900000	2
chr12	112140000	112160000	2
chr12	112580000	112600000	2
chr12	113220000	113240000	2
chr12	113740000	113760000	2
chr12	114000000	114020000	2
chr12	116040000	116060000	2
chr12	117820000	117840000	2
chr12	118420000	118440000	2
chr12	3420000	3440000	2
chr12	9480000	9500000	2
chr12	12880000	12900000	2
chr12	34180000	34200000	2
chr12	39780000	39800000	2
chr12	49780000	49800000	2
chr12	70080000	70100000	2
chr12	101620000	101640000	2
chr12	107360000	107380000	2
chr12	115600000	115620000	2
chr13	3640000	3660000	2
chr13	4120000	4140000	2
chr13	5820000	5840000	2
chr13	6200000	6220000	2
chr13	6840000	6860000	2
chr13	7340000	7360000	2
chr13	18880000	18900000	2
chr13	19300000	19320000	2
chr13	20020000	20040000	2
chr13	20140000	20160000	2
chr13	21180000	21200000	2
chr13	23420000	23440000	2
chr13	25520000	25540000	2
chr13	26580000	26600000	2
chr13	26920000	26940000	2
chr13	31000000	31020000	2
chr13	31400000	31420000	2
chr13	31640000	31660000	2
chr13	31780000	31800000	2
chr13	32680000	32700000	2
chr13	34380000	34400000	2
chr13	35780000	35800000	2
chr13	36980000	37000000	2
chr13	37440000	37460000	2
chr13	38240000	38260000	2
chr13	38700000	38720000	2
chr13	39080000	39100000	2
chr13	39380000	39400000	2
chr13	40260000	40280000	2
chr13	40860000	40880000	2
chr13	41280000	41300000	2
chr13	41620000	41640000	2
chr13	42320000	42340000	2
chr13	43140000	43160000	2
chr13	45020000	45040000	2
chr13	46280000	46300000	2
chr13	46660000	46680000	2
chr13	47320000	47340000	2
chr13	47640000	47660000	2
chr13	47940000	47960000	2
chr13	48520000	48540000	2
chr13	48680000	48700000	2
chr13	51220000	51240000	2
chr13	52240000	52260000	2
chr13	52680000	52700000	2
chr13	53100000	53120000	2
chr13	53460000	53480000	2
chr13	53780000	53800000	2
chr13	55740000	55760000	2
chr13	56760000	56780000	2
chr13	58120000	58140000	2
chr13	58640000	58660000	2
chr13	59360000	59380000	2
chr13	59700000	59720000	2
chr13	59860000	59880000	2
chr13	60420000	60440000	2
chr13	60940000	60960000	2
chr13	61680000	61700000	2
chr13	62740000	62760000	2
chr13	62920000	62940000	2
chr13	65020000	65040000	2
chr13	65180000	65200000	2
chr13	65320000	65340000	2
chr13	67140000	67160000	2
chr13	67580000	67600000	2
chr13	67980000	68000000	2
chr13	68600000	68620000	2
chr13	69500000	69520000	2
chr13	70480000	70500000	2
chr13	70600000	70620000	2
chr13	70860000	70880000	2
chr13	71260000	71280000	2
chr13	72320000	72340000	2
chr13	72460000	72480000	2
chr13	73340000	73360000	2
chr13	74840000	74860000	2
chr13	76600000	76620000	2
chr13	78800000	78820000	2
chr13	80520000	80540000	2
chr13	81420000	81440000	2
chr13	91920000	91940000	2
chr13	92120000	92140000	2
chr13	92760000	92780000	2
chr13	93280000	93300000	2
chr13	93780000	93800000	2
chr13	94580000	94600000	2
chr13	94980000	95000000	2
chr13	96260000	96280000	2
chr13	97020000	97040000	2
chr13	99340000	99360000	2
chr13	99860000	99880000	2
chr13	100460000	100480000	2
chr13	101760000	101780000	2
chr13	102580000	102600000	2
chr13	105300000	105320000	2
chr13	105680000	105700000	2
chr13	107700000	107720000	2
chr13	108020000	108040000	2
chr13	108480000	108500000	2
chr13	109660000	109680000	2
chr13	110400000	110420000	2
chr13	111420000	111440000	2
chr13	111780000	111800000	2
chr13	112520000	112540000	2
chr13	113040000	113060000	2
chr13	114060000	114080000	2
chr13	114420000	114440000	2
chr13	20520000	20540000	2
chr13	33800000	33820000	2
chr13	34500000	34520000	2
chr13	49220000	49240000	2
chr13	62080000	62100000	2
chr13	63380000	63400000	2
chr13	66760000	66780000	2
chr13	75600000	75620000	2
chr13	103340000	103360000	2
chr13	113640000	113660000	2
chr13	118400000	118420000	2
chr14	3820000	3840000	2
chr14	3980000	4000000	2
chr14	6100000	6120000	2
chr14	6460000	6480000	2
chr14	7800000	7820000	2
chr14	10540000	10560000	2
chr14	13320000	13340000	2
chr14	15400000	15420000	2
chr14	16260000	16280000	2
chr14	16400000	16420000	2
chr14	17200000	17220000	2
chr14	17800000	17820000	2
chr14	18200000	18220000	2
chr14	22960000	22980000	2
chr14	23100000	23120000	2
chr14	24080000	24100000	2
chr14	24960000	24980000	2
chr14	25240000	25260000	2
chr14	27960000	27980000	2
chr14	28540000	28560000	2
chr14	30540000	30560000	2
chr14	30960000	30980000	2
chr14	32600000	32620000	2
chr14	33220000	33240000	2
chr14	34220000	34240000	2
chr14	34620000	34640000	2
chr14	36740000	36760000	2
chr14	36860000	36880000	2
chr14	38080000	38100000	2
chr14	39540000	39560000	2
chr14	44760000	44780000	2
chr14	45780000	45800000	2
chr14	46740000	46760000	2
chr14	47500000	47520000	2
chr14	48100000	48120000	2
chr14	49240000	49260000	2
chr14	49400000	49420000	2
chr14	52620000	52640000	2
chr14	52800000	52820000	2
chr14	54520000	54540000	2
chr14	57540000	57560000	2
chr14	57800000	57820000	2
chr14	59300000	59320000	2
chr14	59800000	59820000	2
chr14	60180000	60200000	2
chr14	60780000	60800000	2
chr14	61160000	61180000	2
chr14	65660000	65680000	2
chr14	65820000	65840000	2
chr14	66160000	66180000	2
chr14	66300000	66320000	2
chr14	69840000	69860000	2
chr14	70640000	70660000	2
chr14	71980000	72000000	2
chr14	73020000	73040000	2
chr14	73340000	73360000	2
chr14	73520000	73540000	2
chr14	73720000	73740000	2
chr14	74600000	74620000	2
chr14	75040000	75060000	2
chr14	75680000	75700000	2
chr14	77560000	77580000	2
chr14	78040000	78060000	2
chr14	78560000	78580000	2
chr14	98760000	98780000	2
chr14	102100000	102120000	2
chr14	102520000	102540000	2
chr14	103080000	103100000	2
chr14	103560000	103580000	2
chr14	116340000	116360000	2
chr14	118200000	118220000	2
chr14	120400000	120420000	2
chr14	120760000	120780000	2
chr14	120980000	121000000	2
chr14	8180000	8200000	2
chr14	13720000	13740000	2
chr14	19040000	19060000	2
chr14	25880000	25900000	2
chr14	29760000	29780000	2
chr14	41060000	41080000	2
chr15	5300000	5320000	2
chr15	5480000	5500000	2
chr15	6220000	6240000	2
chr15	7880000	7900000	2
chr15	8100000	8120000	2
chr15	9320000	9340000	2
chr15	9520000	9540000	2
chr15	9780000	9800000	2
chr15	10780000	10800000	2
chr15	10900000	10920000	2
chr15	11420000	11440000	2
chr15	11980000	12000000	2
chr15	12120000	12140000	2
chr15	12320000	12340000	2
chr15	12820000	12840000	2
chr15	14080000	14100000	2
chr15	17220000	17240000	2
chr15	24580000	24600000	2
chr15	25020000	25040000	2
chr15	26540000	26560000	2
chr15	27640000	27660000	2
chr15	28540000	28560000	2
chr15	28680000	28700000	2
chr15	29800000	29820000	2
chr15	30940000	30960000	2
chr15	32200000	32220000	2
chr15	34180000	34200000	2
chr15	34460000	34480000	2
chr15	34740000	34760000	2
chr15	35960000	35980000	2
chr15	36580000	36600000	2
chr15	36720000	36740000	2
chr15	37500000	37520000	2
chr15	37960000	37980000	2
chr15	39360000	39380000	2
chr15	39880000	39900000	2
chr15	40160000	40180000	2
chr15	41180000	41200000	2
chr15	41300000	41320000	2
chr15	41660000	41680000	2
chr15	42000000	42020000	2
chr15	42340000	42360000	2
chr15	42980000	43000000	2
chr15	52020000	52040000	2
chr15	52500000	52520000	2
chr15	53000000	53020000	2
chr15	53800000	53820000	2
chr15	54640000	54660000	2
chr15	55680000	55700000	2
chr15	56860000	56880000	2
chr15	57040000	57060000	2
chr15	57600000	57620000	2
chr15	58040000	58060000	2
chr15	58900000	58920000	2
chr15	59320000	59340000	2
chr15	60840000	60860000	2
chr15	61980000	62000000	2
chr15	63820000	63840000	2
chr15	64400000	64420000	2
chr15	65340000	65360000	2
chr15	66040000	66060000	2
chr15	67180000	67200000	2
chr15	68020000	68040000	2
chr15	68400000	68420000	2
chr15	70140000	70160000	2
chr15	70520000	70540000	2
chr15	71280000	71300000	2
chr15	71460000	71480000	2
chr15	72080000	72100000	2
chr15	72380000	72400000	2
chr15	73820000	73840000	2
chr15	74580000	74600000	2
chr15	75120000	75140000	2
chr15	75900000	75920000	2
chr15	76720000	76740000	2
chr15	76940000	76960000	2
chr15	77380000	77400000	2
chr15	77980000	78000000	2
chr15	78600000	78620000	2
chr15	79160000	79180000	2
chr15	79520000	79540000	2
chr15	79880000	79900000	2
chr15	80600000	80620000	2
chr15	80720000	80740000	2
chr15	82260000	82280000	2
chr15	82800000	82820000	2
chr15	83080000	83100000	2
chr15	84240000	84260000	2
chr15	84360000	84380000	2
chr15	85160000	85180000	2
chr15	85600000	85620000	2
chr15	85720000	85740000	2
chr15	85880000	85900000	2
chr15	87780000	87800000	2
chr15	88760000	88780000	2
chr15	89220000	89240000	2
chr15	89740000	89760000	2
chr15	90940000	90960000	2
chr15	91500000	91520000	2
chr15	92960000	92980000	2
chr15	93600000	93620000	2
chr15	94260000	94280000	2
chr15	94400000	94420000	2
chr15	95220000	95240000	2
chr15	95780000	95800000	2
chr15	96480000	96500000	2
chr15	96640000	96660000	2
chr15	96780000	96800000	2
chr15	97980000	98000000	2
chr15	98520000	98540000	2
chr15	100780000	100800000	2
chr15	101520000	101540000	2
chr15	102120000	102140000	2
chr15	102500000	102520000	2
chr15	103320000	103340000	2
chr15	103660000	103680000	2
chr15	6540000	6560000	2
chr15	9000000	9020000	2
chr15	51480000	51500000	2
chr15	58760000	58780000	2
chr15	61760000	61780000	2
chr15	68960000	68980000	2
chr16	4020000	4040000	2
chr16	5240000	5260000	2
chr16	6140000	6160000	2
chr16	6360000	6380000	2
chr16	8060000	8080000	2
chr16	8400000	8420000	2
chr16	9020000	9040000	2
chr16	9940000	9960000	2
chr16	10080000	10100000	2
chr16	10360000	10380000	2
chr16	10540000	10560000	2
chr16	11180000	11200000	2
chr16	11680000	11700000	2
chr16	12640000	12660000	2
chr16	15120000	15140000	2
chr16	18320000	18340000	2
chr16	18700000	18720000	2
chr16	19740000	19760000	2
chr16	20100000	20120000	2
chr16	21420000	21440000	2
chr16	22060000	22080000	2
chr16	23100000	23120000	2
chr16	23680000	23700000	2
chr16	24320000	24340000	2
chr16	25080000	25100000	2
chr16	27180000	27200000	2
chr16	27360000	27380000	2
chr16	28840000	28860000	2
chr16	29760000	29780000	2
chr16	30260000	30280000	2
chr16	30540000	30560000	2
chr16	33300000	33320000	2
chr16	33820000	33840000	2
chr16	35520000	35540000	2
chr16	35700000	35720000	2
chr16	36080000	36100000	2
chr16	36900000	36920000	2
chr16	37560000	37580000	2
chr16	38640000	38660000	2
chr16	39360000	39380000	2
chr16	40000000	40020000	2
chr16	43540000	43560000	2
chr16	43860000	43880000	2
chr16	44780000	44800000	2
chr16	45140000	45160000	2
chr16	47300000	47320000	2
chr16	48240000	48260000	2
chr16	48680000	48700000	2
chr16	49280000	49300000	2
chr16	54860000	54880000	2
chr16	54980000	55000000	2
chr16	55500000	55520000	2
chr16	55900000	55920000	2
chr16	56280000	56300000	2
chr16	57640000	57660000	2
chr16	58700000	58720000	2
chr16	60640000	60660000	2
chr16	60840000	60860000	2
chr16	63260000	63280000	2
chr16	64260000	64280000	2
chr16	70000000	70020000	2
chr16	73000000	73020000	2
chr16	77240000	77260000	2
chr16	77860000	77880000	2
chr16	78180000	78200000	2
chr16	84580000	84600000	2
chr16	84960000	84980000	2
chr16	85560000	85580000	2
chr16	86780000	86800000	2
chr16	87340000	87360000	2
chr16	87500000	87520000	2
chr16	87780000	87800000	2
chr16	88220000	88240000	2
chr16	88920000	88940000	2
chr16	90520000	90540000	2
chr16	90700000	90720000	2
chr16	91060000	91080000	2
chr16	91940000	91960000	2
chr16	92340000	92360000	2
chr16	93200000	93220000	2
chr16	93340000	93360000	2
chr16	93600000	93620000	2
chr16	93920000	93940000	2
chr16	94080000	94100000	2
chr16	95580000	95600000	2
chr16	95980000	96000000	2
chr16	96380000	96400000	2
chr16	96560000	96580000	2
chr16	97160000	97180000	2
chr16	7000000	7020000	2
chr16	16500000	16520000	2
chr16	31380000	31400000	2
chr16	36700000	36720000	2
chr16	61760000	61780000	2
chr16	64760000	64780000	2
chr16	65500000	65520000	2
chr16	68140000	68160000	2
chr16	70660000	70680000	2
chr16	72220000	72240000	2
chr16	73640000	73660000	2
chr16	83620000	83640000	2
chr16	97300000	97320000	2
chr17	4620000	4640000	2
chr17	6000000	6020000	2
chr17	6600000	6620000	2
chr17	6720000	6740000	2
chr17	7120000	7140000	2
chr17	7860000	7880000	2
chr17	10200000	10220000	2
chr17	10520000	10540000	2
chr17	12040000	12060000	2
chr17	12540000	12560000	2
chr17	12860000	12880000	2
chr17	13020000	13040000	2
chr17	13180000	13200000	2
chr17	14120000	14140000	2
chr17	16480000	16500000	2
chr17	16820000	16840000	2
chr17	21800000	21820000	2
chr17	22060000	22080000	2
chr17	23860000	23880000	2
chr17	24260000	24280000	2
chr17	24740000	24760000	2
chr17	24880000	24900000	2
chr17	25300000	25320000	2
chr17	26280000	26300000	2
chr17	26480000	26500000	2
chr17	26900000	26920000	2
chr17	29100000	29120000	2
chr17	29380000	29400000	2
chr17	29760000	29780000	2
chr17	29980000	30000000	2
chr17	30960000	30980000	2
chr17	33440000	33460000	2
chr17	34960000	34980000	2
chr17	36280000	36300000	2
chr17	36840000	36860000	2
chr17	37220000	37240000	2
chr17	38600000	38620000	2
chr17	42660000	42680000	2
chr17	44600000	44620000	2
chr17	45260000	45280000	2
chr17	45740000	45760000	2
chr17	48480000	48500000	2
chr17	49920000	49940000	2
chr17	50260000	50280000	2
chr17	50640000	50660000	2
chr17	51220000	51240000	2
chr17	51740000	51760000	2
chr17	51900000	51920000	2
chr17	52200000	52220000	2
chr17	53800000	53820000	2
chr17	56980000	57000000	2
chr17	57380000	57400000	2
chr17	57780000	57800000	2
chr17	58420000	58440000	2
chr17	61220000	61240000	2
chr17	65560000	65580000	2
chr17	66600000	66620000	2
chr17	67760000	67780000	2
chr17	68020000	68040000	2
chr17	70520000	70540000	2
chr17	70660000	70680000	2
chr17	71680000	71700000	2
chr17	72800000	72820000	2
chr17	73260000	73280000	2
chr17	73760000	73780000	2
chr17	74180000	74200000	2
chr17	74320000	74340000	2
chr17	75020000	75040000	2
chr17	76280000	76300000	2
chr17	78200000	78220000	2
chr17	78640000	78660000	2
chr17	78900000	78920000	2
chr17	79660000	79680000	2
chr17	80020000	80040000	2
chr17	80520000	80540000	2
chr17	81180000	81200000	2
chr17	83880000	83900000	2
chr17	84480000	84500000	2
chr17	84860000	84880000	2
chr17	85500000	85520000	2
chr17	86280000	86300000	2
chr17	86920000	86940000	2
chr17	7440000	7460000	2
chr17	9420000	9440000	2
chr17	16600000	16620000	2
chr17	20280000	20300000	2
chr17	19300000	19320000	2
chr17	33620000	33640000	2
chr17	40280000	40300000	2
chr17	46160000	46180000	2
chr17	66120000	66140000	2
chr17	67360000	67380000	2
chr17	77660000	77680000	2
chr17	94640000	94660000	2
chr18	3080000	3100000	2
chr18	3800000	3820000	2
chr18	3980000	4000000	2
chr18	4260000	4280000	2
chr18	5820000	5840000	2
chr18	5980000	6000000	2
chr18	6960000	6980000	2
chr18	10980000	11000000	2
chr18	11340000	11360000	2
chr18	12460000	12480000	2
chr18	14240000	14260000	2
chr18	14680000	14700000	2
chr18	15400000	15420000	2
chr18	15560000	15580000	2
chr18	16780000	16800000	2
chr18	20620000	20640000	2
chr18	22960000	22980000	2
chr18	23600000	23620000	2
chr18	23920000	23940000	2
chr18	25540000	25560000	2
chr18	25760000	25780000	2
chr18	29340000	29360000	2
chr18	30080000	30100000	2
chr18	31920000	31940000	2
chr18	32300000	32320000	2
chr18	32900000	32920000	2
chr18	33200000	33220000	2
chr18	34280000	34300000	2
chr18	34680000	34700000	2
chr18	36220000	36240000	2
chr18	36560000	36580000	2
chr18	37000000	37020000	2
chr18	38000000	38020000	2
chr18	38280000	38300000	2
chr18	38580000	38600000	2
chr18	38840000	38860000	2
chr18	39920000	39940000	2
chr18	40120000	40140000	2
chr18	42480000	42500000	2
chr18	43200000	43220000	2
chr18	43540000	43560000	2
chr18	44420000	44440000	2
chr18	45360000	45380000	2
chr18	46600000	46620000	2
chr18	47800000	47820000	2
chr18	48300000	48320000	2
chr18	54120000	54140000	2
chr18	54480000	54500000	2
chr18	55060000	55080000	2
chr18	56200000	56220000	2
chr18	56360000	56380000	2
chr18	56680000	56700000	2
chr18	57360000	57380000	2
chr18	57540000	57560000	2
chr18	58960000	58980000	2
chr18	59120000	59140000	2
chr18	60500000	60520000	2
chr18	61100000	61120000	2
chr18	61960000	61980000	2
chr18	62240000	62260000	2
chr18	65320000	65340000	2
chr18	65520000	65540000	2
chr18	66060000	66080000	2
chr18	66420000	66440000	2
chr18	66560000	66580000	2
chr18	67440000	67460000	2
chr18	67660000	67680000	2
chr18	67800000	67820000	2
chr18	69140000	69160000	2
chr18	69340000	69360000	2
chr18	69720000	69740000	2
chr18	70900000	70920000	2
chr18	72600000	72620000	2
chr18	73180000	73200000	2
chr18	73640000	73660000	2
chr18	74220000	74240000	2
chr18	74780000	74800000	2
chr18	75020000	75040000	2
chr18	75760000	75780000	2
chr18	76920000	76940000	2
chr18	78360000	78380000	2
chr18	79600000	79620000	2
chr18	80020000	80040000	2
chr18	81420000	81440000	2
chr18	81980000	82000000	2
chr18	82460000	82480000	2
chr18	89360000	89380000	2
chr18	4520000	4540000	2
chr18	35620000	35640000	2
chr18	46160000	46180000	2
chr18	47380000	47400000	2
chr18	52340000	52360000	2
chr18	80200000	80220000	2
chr18	79460000	79480000	2
chr18	86560000	86580000	2
chr19	3440000	3460000	2
chr19	3740000	3760000	2
chr19	4260000	4280000	2
chr19	5320000	5340000	2
chr19	6140000	6160000	2
chr19	7060000	7080000	2
chr19	7440000	7460000	2
chr19	7680000	7700000	2
chr19	7820000	7840000	2
chr19	8560000	8580000	2
chr19	8720000	8740000	2
chr19	9140000	9160000	2
chr19	10240000	10260000	2
chr19	11180000	11200000	2
chr19	11620000	11640000	2
chr19	12680000	12700000	2
chr19	13900000	13920000	2
chr19	14100000	14120000	2
chr19	15800000	15820000	2
chr19	16040000	16060000	2
chr19	17400000	17420000	2
chr19	17620000	17640000	2
chr19	18200000	18220000	2
chr19	18860000	18880000	2
chr19	19060000	19080000	2
chr19	20360000	20380000	2
chr19	21380000	21400000	2
chr19	23340000	23360000	2
chr19	23680000	23700000	2
chr19	24180000	24200000	2
chr19	24500000	24520000	2
chr19	24900000	24920000	2
chr19	25480000	25500000	2
chr19	25660000	25680000	2
chr19	26300000	26320000	2
chr19	26480000	26500000	2
chr19	30260000	30280000	2
chr19	30500000	30520000	2
chr19	31980000	32000000	2
chr19	32500000	32520000	2
chr19	33140000	33160000	2
chr19	33280000	33300000	2
chr19	35000000	35020000	2
chr19	36120000	36140000	2
chr19	36940000	36960000	2
chr19	37380000	37400000	2
chr19	37520000	37540000	2
chr19	38160000	38180000	2
chr19	40740000	40760000	2
chr19	40940000	40960000	2
chr19	41100000	41120000	2
chr19	41480000	41500000	2
chr19	41780000	41800000	2
chr19	41900000	41920000	2
chr19	42460000	42480000	2
chr19	43440000	43460000	2
chr19	43640000	43660000	2
chr19	46360000	46380000	2
chr19	46760000	46780000	2
chr19	49700000	49720000	2
chr19	52360000	52380000	2
chr19	53680000	53700000	2
chr19	54180000	54200000	2
chr19	54300000	54320000	2
chr19	54460000	54480000	2
chr19	55100000	55120000	2
chr19	56080000	56100000	2
chr19	57920000	57940000	2
chr19	58160000	58180000	2
chr19	58640000	58660000	2
chr19	59220000	59240000	2
chr19	8420000	8440000	2
chr19	10860000	10880000	2
chr19	16620000	16640000	2
chr19	27120000	27140000	2
chr19	45060000	45080000	2
chr19	54780000	54800000	2
chrX	5920000	5940000	2
chrX	6780000	6800000	2
chrX	6920000	6940000	2
chrX	7720000	7740000	2
chrX	8100000	8120000	2
chrX	9060000	9080000	2
chrX	9220000	9240000	2
chrX	9760000	9780000	2
chrX	10400000	10420000	2
chrX	11620000	11640000	2
chrX	11800000	11820000	2
chrX	13040000	13060000	2
chrX	13520000	13540000	2
chrX	13880000	13900000	2
chrX	14440000	14460000	2
chrX	16900000	16920000	2
chrX	18500000	18520000	2
chrX	18680000	18700000	2
chrX	20820000	20840000	2
chrX	20940000	20960000	2
chrX	21380000	21400000	2
chrX	23380000	23400000	2
chrX	36760000	36780000	2
chrX	37080000	37100000	2
chrX	37940000	37960000	2
chrX	38260000	38280000	2
chrX	38660000	38680000	2
chrX	38880000	38900000	2
chrX	39180000	39200000	2
chrX	47320000	47340000	2
chrX	47980000	48000000	2
chrX	48680000	48700000	2
chrX	51580000	51600000	2
chrX	52440000	52460000	2
chrX	53580000	53600000	2
chrX	55180000	55200000	2
chrX	55560000	55580000	2
chrX	55900000	55920000	2
chrX	56860000	56880000	2
chrX	60480000	60500000	2
chrX	63820000	63840000	2
chrX	64020000	64040000	2
chrX	70580000	70600000	2
chrX	71440000	71460000	2
chrX	71980000	72000000	2
chrX	72140000	72160000	2
chrX	72680000	72700000	2
chrX	72840000	72860000	2
chrX	73000000	73020000	2
chrX	75680000	75700000	2
chrX	76340000	76360000	2
chrX	77780000	77800000	2
chrX	78620000	78640000	2
chrX	93180000	93200000	2
chrX	98020000	98040000	2
chrX	98340000	98360000	2
chrX	98980000	99000000	2
chrX	99120000	99140000	2
chrX	100400000	100420000	2
chrX	100560000	100580000	2
chrX	102680000	102700000	2
chrX	105160000	105180000	2
chrX	108560000	108580000	2
chrX	108960000	108980000	2
chrX	123060000	123080000	2
chrX	123220000	123240000	2
chrX	134940000	134960000	2
chrX	136600000	136620000	2
chrX	139760000	139780000	2
chrX	140440000	140460000	2
chrX	141160000	141180000	2
chrX	142200000	142220000	2
chrX	142640000	142660000	2
chrX	143100000	143120000	2
chrX	145520000	145540000	2
chrX	147200000	147220000	2
chrX	150120000	150140000	2
chrX	151180000	151200000	2
chrX	151340000	151360000	2
chrX	153380000	153400000	2
chrX	153540000	153560000	2
chrX	154120000	154140000	2
chrX	155160000	155180000	2
chrX	160780000	160800000	2
chrX	161380000	161400000	2
chrX	161980000	162000000	2
chrX	166680000	166700000	2
chrX	167260000	167280000	2
chrX	20040000	20060000	2
chrX	24620000	24640000	2
chrX	54280000	54300000	2
chrX	94880000	94900000	2
chrX	98160000	98180000	2
chrX	124260000	124280000	2
chrX	149060000	149080000	2
chrX	148800000	148820000	2
