chr1	4500000	4520000	5
chr1	5340000	5360000	3
chr1	6400000	6420000	3
chr1	8600000	8620000	3
chr1	36060000	36080000	3
chr1	39520000	39540000	4
chr1	55900000	55920000	3
chr1	56020000	56040000	3
chr1	56980000	57000000	3
chr1	57380000	57400000	3
chr1	73880000	73900000	3
chr1	75580000	75600000	3
chr1	77540000	77560000	3
chr1	78720000	78740000	3
chr1	79120000	79140000	3
chr1	82080000	82100000	3
chr1	86440000	86460000	3
chr1	87340000	87360000	3
chr1	93160000	93180000	3
chr1	106920000	106940000	3
chr1	121440000	121460000	3
chr1	122440000	122460000	3
chr1	126960000	126980000	3
chr1	128840000	128860000	3
chr1	129820000	129840000	3
chr1	131680000	131700000	3
chr1	137520000	137540000	3
chr1	153540000	153560000	3
chr1	154200000	154220000	3
chr1	159400000	159420000	3
chr1	160220000	160240000	3
chr1	168200000	168220000	3
chr1	169960000	169980000	3
chr1	178520000	178540000	4
chr1	189880000	189900000	3
chr1	43760000	43780000	3
chr1	54960000	54980000	3
chr1	113340000	113360000	3
chr1	159160000	159180000	3
chr2	9440000	9460000	3
chr2	10440000	10460000	3
chr2	11100000	11120000	3
chr2	11340000	11360000	3
chr2	19400000	19420000	3
chr2	21960000	21980000	3
chr2	27580000	27600000	3
chr2	28520000	28540000	3
chr2	29060000	29080000	3
chr2	46080000	46100000	4
chr2	59420000	59440000	3
chr2	64860000	64880000	3
chr2	68120000	68140000	3
chr2	68540000	68560000	3
chr2	69640000	69660000	3
chr2	102480000	102500000	3
chr2	106280000	106300000	3
chr2	112520000	112540000	3
chr2	124720000	124740000	4
chr2	126560000	126580000	3
chr2	127700000	127720000	3
chr2	128380000	128400000	3
chr2	143120000	143140000	3
chr2	143900000	143920000	3
chr2	150800000	150820000	3
chr2	151880000	151900000	3
chr2	159180000	159200000	3
chr2	160400000	160420000	3
chr2	161340000	161360000	3
chr2	162920000	162940000	3
chr2	165080000	165100000	3
chr2	168240000	168260000	3
chr2	169120000	169140000	3
chr2	170060000	170080000	3
chr2	170900000	170920000	5
chr2	171900000	171920000	3
chr2	178100000	178120000	3
chr2	178680000	178700000	3
chr2	179920000	179940000	3
chr2	181160000	181180000	3
chr2	61500000	61520000	3
chr2	96120000	96140000	3
chr3	8580000	8600000	3
chr3	9080000	9100000	3
chr3	9980000	10000000	3
chr3	27880000	27900000	3
chr3	28980000	29000000	3
chr3	59320000	59340000	3
chr3	69720000	69740000	3
chr3	81820000	81840000	3
chr3	87000000	87020000	3
chr3	92260000	92280000	3
chr3	93660000	93680000	3
chr3	94320000	94340000	3
chr3	94920000	94940000	3
chr3	98580000	98600000	4
chr3	105980000	106000000	3
chr3	107040000	107060000	3
chr3	109100000	109120000	3
chr3	116880000	116900000	3
chr3	118300000	118320000	4
chr3	119400000	119420000	3
chr3	127980000	128000000	3
chr3	130700000	130720000	3
chr3	134500000	134520000	3
chr3	135900000	135920000	3
chr3	138500000	138520000	3
chr3	139700000	139720000	3
chr3	153500000	153520000	3
chr3	158140000	158160000	3
chr3	23400000	23420000	3
chr3	40520000	40540000	3
chr3	126020000	126040000	3
chr3	129000000	129020000	3
chr3	142220000	142240000	3
chr4	50520000	50540000	4
chr4	55680000	55700000	3
chr4	58260000	58280000	4
chr4	59940000	59960000	4
chr4	103580000	103600000	3
chr4	104900000	104920000	3
chr4	118340000	118360000	3
chr4	121260000	121280000	3
chr4	122840000	122860000	4
chr4	127520000	127540000	3
chr4	128380000	128400000	3
chr4	132180000	132200000	4
chr4	140560000	140580000	3
chr4	88560000	88580000	4
chr4	114020000	114040000	3
chr4	143240000	143260000	3
chr5	3040000	3060000	3
chr5	13960000	13980000	3
chr5	32600000	32620000	3
chr5	74620000	74640000	3
chr5	75860000	75880000	3
chr5	90820000	90840000	3
chr5	92420000	92440000	3
chr5	93320000	93340000	3
chr5	98900000	98920000	3
chr5	110080000	110100000	4
chr5	112440000	112460000	3
chr5	124780000	124800000	3
chr5	133340000	133360000	3
chr5	137620000	137640000	3
chr5	144240000	144260000	3
chr5	145140000	145160000	3
chr5	49380000	49400000	3
chr5	80540000	80560000	3
chr5	107540000	107560000	4
chr5	129640000	129660000	3
chr6	3720000	3740000	3
chr6	5620000	5640000	3
chr6	18880000	18900000	4
chr6	22500000	22520000	3
chr6	37580000	37600000	3
chr6	39820000	39840000	3
chr6	44160000	44180000	3
chr6	48000000	48020000	3
chr6	58560000	58580000	3
chr6	59220000	59240000	3
chr6	59520000	59540000	3
chr6	60680000	60700000	3
chr6	68940000	68960000	3
chr6	70760000	70780000	6
chr6	84100000	84120000	3
chr6	88920000	88940000	3
chr6	91160000	91180000	3
chr6	98600000	98620000	3
chr6	100560000	100580000	3
chr6	114500000	114520000	3
chr6	114640000	114660000	3
chr6	119360000	119380000	3
chr6	121260000	121280000	3
chr6	122320000	122340000	3
chr6	125620000	125640000	4
chr6	126800000	126820000	3
chr6	130440000	130460000	3
chr6	132060000	132080000	3
chr6	134420000	134440000	3
chr6	135420000	135440000	3
chr6	138480000	138500000	5
chr6	139600000	139620000	3
chr6	144500000	144520000	3
chr6	47000000	47020000	3
chr6	86420000	86440000	3
chr6	99700000	99720000	3
chr7	3740000	3760000	3
chr7	10780000	10800000	4
chr7	18900000	18920000	5
chr7	25940000	25960000	4
chr7	33360000	33380000	3
chr7	39620000	39640000	3
chr7	39880000	39900000	3
chr7	41340000	41360000	3
chr7	42500000	42520000	3
chr7	47440000	47460000	3
chr7	59340000	59360000	3
chr7	94860000	94880000	3
chr7	104200000	104220000	4
chr7	133680000	133700000	3
chr7	135280000	135300000	3
chr7	135500000	135520000	3
chr7	9360000	9380000	3
chr7	34000000	34020000	3
chr7	126100000	126120000	3
chr8	13280000	13300000	3
chr8	13940000	13960000	3
chr8	15100000	15120000	3
chr8	21720000	21740000	3
chr8	27020000	27040000	3
chr8	32040000	32060000	3
chr8	50480000	50500000	3
chr8	55700000	55720000	3
chr8	58520000	58540000	3
chr8	60140000	60160000	3
chr8	61160000	61180000	3
chr8	62080000	62100000	3
chr8	64620000	64640000	3
chr8	66520000	66540000	4
chr8	74980000	75000000	4
chr8	79700000	79720000	3
chr8	93160000	93180000	3
chr8	93960000	93980000	3
chr8	94220000	94240000	3
chr8	108020000	108040000	3
chr8	110160000	110180000	3
chr8	111320000	111340000	3
chr8	117800000	117820000	3
chr8	120820000	120840000	3
chr8	123120000	123140000	3
chr8	125020000	125040000	3
chr8	19680000	19700000	3
chr8	33220000	33240000	3
chr8	76920000	76940000	3
chr9	9940000	9960000	3
chr9	19320000	19340000	3
chr9	25660000	25680000	3
chr9	31100000	31120000	3
chr9	32760000	32780000	3
chr9	38240000	38260000	3
chr9	39520000	39540000	3
chr9	41240000	41260000	4
chr9	42320000	42340000	5
chr9	43300000	43320000	3
chr9	45820000	45840000	3
chr9	50440000	50460000	3
chr9	51340000	51360000	3
chr9	59700000	59720000	3
chr9	60720000	60740000	3
chr9	61920000	61940000	3
chr9	78720000	78740000	3
chr9	88240000	88260000	3
chr9	97320000	97340000	4
chr9	99760000	99780000	3
chr9	100440000	100460000	3
chr9	111480000	111500000	3
chr9	113460000	113480000	4
chr9	115900000	115920000	3
chr9	118920000	118940000	4
chr9	120600000	120620000	3
chr9	82400000	82420000	3
chr10	3140000	3160000	3
chr10	18220000	18240000	3
chr10	47720000	47740000	3
chr10	69560000	69580000	3
chr10	70840000	70860000	3
chr10	70980000	71000000	3
chr10	74940000	74960000	3
chr10	76000000	76020000	3
chr10	76580000	76600000	3
chr10	78000000	78020000	3
chr10	78500000	78520000	3
chr10	78780000	78800000	3
chr10	83080000	83100000	3
chr10	85680000	85700000	3
chr10	86480000	86500000	3
chr10	89740000	89760000	3
chr10	90580000	90600000	3
chr10	90720000	90740000	3
chr10	91720000	91740000	3
chr10	93080000	93100000	3
chr10	94520000	94540000	3
chr10	95500000	95520000	3
chr10	96940000	96960000	3
chr10	108560000	108580000	3
chr10	112020000	112040000	3
chr10	115320000	115340000	3
chr10	116900000	116920000	5
chr10	117060000	117080000	3
chr10	81360000	81380000	3
chr10	94980000	95000000	3
chr10	109960000	109980000	3
chr10	130440000	130460000	3
chr11	5860000	5880000	3
chr11	18860000	18880000	3
chr11	19020000	19040000	3
chr11	23980000	24000000	3
chr11	31240000	31260000	3
chr11	33120000	33140000	3
chr11	35460000	35480000	3
chr11	40780000	40800000	3
chr11	46900000	46920000	3
chr11	48880000	48900000	3
chr11	51620000	51640000	3
chr11	52380000	52400000	3
chr11	55520000	55540000	5
chr11	56140000	56160000	3
chr11	59240000	59260000	3
chr11	63920000	63940000	3
chr11	67020000	67040000	3
chr11	67380000	67400000	3
chr11	72140000	72160000	3
chr11	73000000	73020000	3
chr11	73160000	73180000	3
chr11	80840000	80860000	5
chr11	89420000	89440000	3
chr11	90380000	90400000	3
chr11	91140000	91160000	3
chr11	104240000	104260000	3
chr11	105940000	105960000	3
chr11	107880000	107900000	3
chr11	109200000	109220000	3
chr11	112780000	112800000	3
chr11	113640000	113660000	3
chr11	114500000	114520000	3
chr11	120180000	120200000	3
chr11	79980000	80000000	3
chr12	5820000	5840000	4
chr12	7180000	7200000	3
chr12	11200000	11220000	3
chr12	13260000	13280000	3
chr12	19060000	19080000	3
chr12	20940000	20960000	3
chr12	24000000	24020000	3
chr12	48880000	48900000	3
chr12	69400000	69420000	3
chr12	99120000	99140000	3
chr12	100160000	100180000	3
chr12	103520000	103540000	3
chr12	106120000	106140000	3
chr12	106700000	106720000	3
chr12	109040000	109060000	3
chr12	110000000	110020000	3
chr12	111520000	111540000	3
chr12	116640000	116660000	3
chr13	19600000	19620000	3
chr13	22060000	22080000	3
chr13	23300000	23320000	3
chr13	23780000	23800000	3
chr13	24800000	24820000	3
chr13	32520000	32540000	3
chr13	33240000	33260000	3
chr13	34020000	34040000	3
chr13	47100000	47120000	3
chr13	49780000	49800000	3
chr13	50960000	50980000	3
chr13	56280000	56300000	3
chr13	57920000	57940000	3
chr13	64100000	64120000	3
chr13	64460000	64480000	3
chr13	69700000	69720000	3
chr13	71020000	71040000	3
chr13	72620000	72640000	3
chr13	84180000	84200000	3
chr13	92560000	92580000	3
chr13	106780000	106800000	4
chr13	113280000	113300000	4
chr13	78220000	78240000	3
chr14	12540000	12560000	3
chr14	22480000	22500000	3
chr14	23880000	23900000	4
chr14	28700000	28720000	3
chr14	35600000	35620000	3
chr14	49800000	49820000	3
chr14	54220000	54240000	3
chr14	65320000	65340000	3
chr14	66800000	66820000	3
chr14	74720000	74740000	3
chr14	5140000	5160000	4
chr14	79140000	79160000	3
chr15	6880000	6900000	3
chr15	10160000	10180000	3
chr15	12980000	13000000	4
chr15	27260000	27280000	3
chr15	28200000	28220000	3
chr15	29940000	29960000	3
chr15	30320000	30340000	3
chr15	31280000	31300000	4
chr15	36160000	36180000	3
chr15	38260000	38280000	3
chr15	56060000	56080000	3
chr15	58420000	58440000	3
chr15	59880000	59900000	3
chr15	65760000	65780000	3
chr15	71920000	71940000	3
chr15	73060000	73080000	4
chr15	75560000	75580000	3
chr15	80260000	80280000	4
chr15	83540000	83560000	3
chr15	84660000	84680000	3
chr15	86160000	86180000	3
chr15	86640000	86660000	4
chr15	86960000	86980000	3
chr15	87560000	87580000	4
chr15	88120000	88140000	3
chr15	91780000	91800000	3
chr15	92840000	92860000	3
chr15	101320000	101340000	3
chr15	102000000	102020000	3
chr15	60540000	60560000	3
chr15	73200000	73220000	3
chr15	97140000	97160000	3
chr16	6500000	6520000	3
chr16	7940000	7960000	3
chr16	8900000	8920000	3
chr16	9500000	9520000	3
chr16	11980000	12000000	3
chr16	13160000	13180000	4
chr16	14540000	14560000	3
chr16	15620000	15640000	4
chr16	16780000	16800000	3
chr16	18880000	18900000	3
chr16	19000000	19020000	3
chr16	19960000	19980000	3
chr16	22320000	22340000	3
chr16	23980000	24000000	3
chr16	25380000	25400000	3
chr16	26740000	26760000	3
chr16	34680000	34700000	3
chr16	35000000	35020000	3
chr16	37700000	37720000	3
chr16	38520000	38540000	3
chr16	40940000	40960000	3
chr16	49580000	49600000	3
chr16	52860000	52880000	3
chr16	56820000	56840000	3
chr16	70300000	70320000	3
chr16	71060000	71080000	3
chr16	71260000	71280000	3
chr16	89540000	89560000	4
chr16	91700000	91720000	4
chr16	92500000	92520000	3
chr16	92660000	92680000	4
chr16	93460000	93480000	3
chr16	94760000	94780000	3
chr17	3560000	3580000	3
chr17	4160000	4180000	3
chr17	4760000	4780000	3
chr17	5420000	5440000	3
chr17	8460000	8480000	3
chr17	9000000	9020000	3
chr17	13600000	13620000	3
chr17	15980000	16000000	3
chr17	18600000	18620000	3
chr17	25820000	25840000	3
chr17	33000000	33020000	3
chr17	53400000	53420000	3
chr17	54000000	54020000	3
chr17	54500000	54520000	3
chr17	68880000	68900000	3
chr17	69380000	69400000	3
chr17	71900000	71920000	3
chr17	72600000	72620000	3
chr17	11840000	11860000	3
chr17	23160000	23180000	3
chr17	55600000	55620000	3
chr17	82840000	82860000	3
chr18	3500000	3520000	3
chr18	4680000	4700000	3
chr18	5160000	5180000	3
chr18	12980000	13000000	3
chr18	15940000	15960000	3
chr18	24580000	24600000	3
chr18	24700000	24720000	3
chr18	31280000	31300000	3
chr18	32440000	32460000	3
chr18	36820000	36840000	4
chr18	39600000	39620000	3
chr18	40400000	40420000	3
chr18	41920000	41940000	3
chr18	42700000	42720000	3
chr18	43360000	43380000	3
chr18	44300000	44320000	3
chr18	44920000	44940000	3
chr18	46940000	46960000	3
chr18	49520000	49540000	3
chr18	50880000	50900000	4
chr18	54740000	54760000	3
chr18	55600000	55620000	3
chr18	58500000	58520000	3
chr18	58700000	58720000	3
chr18	60260000	60280000	3
chr18	65920000	65940000	3
chr18	66920000	66940000	3
chr18	68320000	68340000	4
chr18	68500000	68520000	3
chr18	69860000	69880000	3
chr18	70440000	70460000	3
chr18	71200000	71220000	3
chr18	75360000	75380000	3
chr18	76180000	76200000	3
chr18	78720000	78740000	3
chr18	78980000	79000000	3
chr18	81000000	81020000	3
chr18	81660000	81680000	3
chr18	6400000	6420000	3
chr18	37660000	37680000	3
chr19	12020000	12040000	3
chr19	12800000	12820000	3
chr19	21760000	21780000	3
chr19	22340000	22360000	3
chr19	22920000	22940000	3
chr19	23060000	23080000	3
chr19	31780000	31800000	3
chr19	34160000	34180000	3
chr19	35140000	35160000	3
chr19	35940000	35960000	3
chr19	38440000	38460000	3
chr19	39000000	39020000	3
chr19	40300000	40320000	3
chr19	42180000	42200000	3
chr19	55240000	55260000	3
chrX	6200000	6220000	4
chrX	7060000	7080000	3
chrX	8280000	8300000	3
chrX	11320000	11340000	3
chrX	12580000	12600000	3
chrX	18300000	18320000	3
chrX	19720000	19740000	4
chrX	20420000	20440000	3
chrX	24140000	24160000	3
chrX	35700000	35720000	3
chrX	37420000	37440000	3
chrX	50640000	50660000	3
chrX	56400000	56420000	4
chrX	73800000	73820000	3
chrX	77440000	77460000	3
chrX	77920000	77940000	3
chrX	78800000	78820000	3
chrX	96680000	96700000	3
chrX	99540000	99560000	3
chrX	99840000	99860000	3
chrX	123720000	123740000	3
chrX	145700000	145720000	3
chrX	147340000	147360000	3
chrX	148480000	148500000	3
chrX	151800000	151820000	3
chrX	152540000	152560000	3
chrX	64860000	64880000	3
